Position	LW1	C1	RW1	LW2	C2	RW2	LW3	C3	RW3	LW4	C4	RW4	LD1	RD1	LD2	RD2	LD3	RD3	G	assister
LW1	0	0.2	0.2	0.05	0.05	0.05	0.03	0.03	0.03	0.015	0.015	0.015	0.12	0.12	0.03	0.03	0.007	0.007	0.001	
C1	0.2	0	0.2	0.05	0.05	0.05	0.03	0.03	0.03	0.015	0.015	0.015	0.12	0.12	0.03	0.03	0.007	0.007	0.001	
RW1	0.2	0.2	0	0.05	0.05	0.05	0.03	0.03	0.03	0.015	0.015	0.015	0.12	0.12	0.03	0.03	0.007	0.007	0.001	
LW2	0.05	0.05	0.05	0	0.2	0.2	0.03	0.03	0.03	0.015	0.015	0.015	0.1	0.1	0.04	0.04	0.017	0.017	0.001	
C2	0.05	0.05	0.05	0.2	0	0.2	0.03	0.03	0.03	0.015	0.015	0.015	0.1	0.1	0.04	0.04	0.017	0.017	0.001	
RW2	0.05	0.05	0.05	0.2	0.2	0	0.03	0.03	0.03	0.015	0.015	0.015	0.1	0.1	0.04	0.04	0.017	0.017	0.001	
LW3	0.05	0.05	0.05	0.03	0.03	0.03	0	0.2	0.2	0.015	0.015	0.015	0.04	0.04	0.1	0.1	0.017	0.017	0.001	
C3	0.05	0.05	0.05	0.03	0.03	0.03	0.2	0	0.2	0.015	0.015	0.015	0.04	0.04	0.1	0.1	0.017	0.017	0.001	
RW3	0.05	0.05	0.05	0.03	0.03	0.03	0.2	0.2	0	0.015	0.015	0.015	0.04	0.04	0.1	0.1	0.017	0.017	0.001	
LW4	0.05	0.05	0.05	0.03	0.03	0.03	0.015	0.015	0.015	0	0.2	0.2	0.017	0.017	0.04	0.04	0.1	0.1	0.001	
C4	0.05	0.05	0.05	0.03	0.03	0.03	0.015	0.015	0.015	0.2	0	0.2	0.017	0.017	0.04	0.04	0.1	0.1	0.001	
RW4	0.05	0.05	0.05	0.03	0.03	0.03	0.015	0.015	0.015	0.2	0.2	0	0.017	0.017	0.04	0.04	0.1	0.1	0.001	
LD1	0.12	0.12	0.12	0.059	0.059	0.059	0.03	0.03	0.03	0.02	0.02	0.02	0	0.25	0.021	0.021	0.01	0.01	0.001	
RD1	0.12	0.12	0.12	0.059	0.059	0.059	0.03	0.03	0.03	0.02	0.02	0.02	0.25	0	0.021	0.021	0.01	0.01	0.001	
LD2	0.079	0.079	0.079	0.1	0.1	0.1	0.03	0.03	0.03	0.02	0.02	0.02	0.021	0.021	0	0.25	0.01	0.01	0.001	
RD2	0.079	0.079	0.079	0.1	0.1	0.1	0.03	0.03	0.03	0.02	0.02	0.02	0.021	0.021	0.25	0	0.01	0.01	0.001	
LD3	0.02	0.02	0.02	0.059	0.059	0.059	0.12	0.12	0.12	0.03	0.03	0.03	0.021	0.021	0.01	0.01	0	0.25	0.001	
RD3	0.02	0.02	0.02	0.059	0.059	0.059	0.12	0.12	0.12	0.03	0.03	0.03	0.021	0.021	0.01	0.01	0.25	0	0.001	
scirer																				
